251
276
257
282
257
267
284
260
281
268
282
264
287
274
268
270
278
283
296
291
298
271
299
300
276
277
294
281
308
304
280
304
287
287
291
291
301
311
292
301
310
321
320
293
301
317
299
304
300
304
328
302
308
320
305
314
331
326
310
338
330
314
333
341
323
345
342
324
323
332
320
331
334
342
333
351
348
352
343
335
340
338
343
341
347
339
357
346
343
357
362
353
358
372
354
364
351
367
375
368
356
377
377
374
354
357
367
357
371
365
387
389
371
374
364
391
377
379
395
384
397
400
389
383
386
397
401
401
389
393
381
388
391
387
413
389
386
412
404
412
393
417
419
397
416
413
412
403
408
402
410
430
411
433
433
415
436
430
425
409
413
427
435
439
443
436
443
430
430
426
423
445
433
428
450
436
438
439
450
447
444
438
454
447
461
458
460
445
463
465
450
468
443
470
445
448
471
449
453
462
473
466
460
470
466
484
457
464
488
484
481
475
469
493
473
475
483
472
477
472
475
489
491
502
476
484
491
504
480
493
499
498
485
506
508
487
486
490
501
496
500
502
505
494
498
498
505
523
522
511
530
523
503
520
516
515
526
534
520
512
525
518
526
521
544
540
520
542
536
542
533
541
531
553
548
528
535
535
552
556
532
548
540
534
543
558
549
548
563
561
561
543
572
570
545
562
558
555
568
579
550
575
573
559
574
556
568
564
565
566
560
569
569
575
574
574
584
582
594
595
580
572
582
590
580
588
601
584
584
588
606
593
611
607
608
592
610
601
591
596
605
593
615
615
622
622
599
621
605
622
612
606
620
607
631
617
623
607
626
612
637
622
622
615
627
627
624
637
639
620
631
638
649
632
650
632
631
627
654
629
643
652
645
659
646
650
646
639
662
641
668
657
645
661
664
660
657
676
651
657
653
676
672
679
659
664
679
685
684
678
675
686
669
692
668
667
693
671
670
682
684
685
702
697
677
695
678
686
701
680
708
689
704
697
693
698
707
689
704
711
699
698
715
718
720
718
724
707
715
700
718
715
722
712
725
709
734
732
735
738
730
724
733
731
733
729
732
733
730
749
743
721
740
750
737
739
738
753
738
736
737
735
743
733
746
764
750
767
746
760
763
759
742
772
758
750
775
748
763
754
767
774
752
764
760
779
776
760
768
767
784
789
777
771
773
775
769
780
774
783
799
797
788
785
776
790
804
794
799
808
780
782
786
794
790
785
793
817
805
818
791
811
819
805
796
824
813
819
807
824
821
830
817
819
813
818
825
815
810
813
838
822
839
815
832
836
837
823
845
829
832
834
825
844
841
846
838
857
828
846
832
837
854
834
857
840
863
848
867
862
859
859
860
865
869
871
851
850
870
870
878
860
862
854
880
875
880
882
885
887
872
880
878
878
893
875
867
877
879
883
877
901
899
901
904
887
906
884
878
884
902
887
900
897
902
913
900
892
905
890
896
917
904
921
895
896
903
926
923
906
900
918
927
929
925
911
936
907
916
922
937
930
914
927
938
944
925
939
944
937
943
946
929
927
945
951
938
949
958
938
948
938
957
962
954
961
955
942
942
943
941
957
950
970
944
959
966
958
955
976
980
973
956
963
978
971
979
986
988
973
969
967
981
967
991
966
993
987
995
973
983
971
1002
987
975
982
982
989
998
989
1003
1001
997
1006
988
1006
986
995
1006
1018
1015
1014
1011
1007
1018
1000
1012
1008
1025
1020
1022
1017
1022
1008
1030
1026
1020
1033
1033
1025
1012
1021
1026
1030
1020
1045
1021
1042
1031
1047
1030
1025
1022
1047
1039
1051
1043
1032
1057
1030
1050
1061
1047
1036
1053
1042
1039
1049
1049
1066
1057
1061
1052
1043
1070
1062
1061
1072
1064
1075
1057
1059
1063
1055
1077
1056
1083
1064
1065
1087
1087
1075
1077
1066
1075
1091
1075
1087
1098
1079
1088
1092
1102
1088
1081
1080
1094
1085
1092
1083
1105
1110
1085
1110
1114
1101
1111
1107
1094
1104
1091
1120
1118
1119
1117
1121
1113
1117
1098
1108
1129
1130
1119
1114
1129
1121
1128
1110
1131
1109
1128
1133
1122
1139
1140
1127
1116
1139
1143
1121
1137
1124
1130
1130
1125
1137
1139
1147
1138
1151
1154
1132
1154
1133
1137
1137
1141
1157
1160
1152
1168
1166
1164
1172
1171
1156
1166
1164
1156
1157
1172
1163
1152
1174
1162
1164
1170
1182
1167
1163
1169
1164
1165
1169
1169
1167
1192
1173
1178
1179
1186
1190
1199
1189
1184
1184
1204
1187
1200
1197
1205
1194
1205
1189
1203
1208
1193
1203
1190
1219
1215
1205
1203
1202
1194
1195
1215
1216
1210
1200
1208
1213
1227
1227
1212
1210
1206
1214
1210
1230
1223
1236
1240
1232
1234
1232
1223
1220
1221
1220
1233
1231
1241
1226
1228
1247
1232
1251
1256
1251
1230
1256
1249
1262
1240
1238
1241
1261
1252
1256
1246
1264
1258
1247
1249
1269
1262
1257
1251
1252
1279
1267
1259
1268
1254
1255
1262
1274
1288
1273
1287
1268
1289
1275
1281
1294
1288
1271
1275
1274
1273
1281
1272
1284
1303
1283
1305
1302
1303
1302
1280
1294
1303
1306
1310
1306
1301
1309
1298
1302
1294
1301
1301
1297
1308
1308
1314
1301
1303
1325
1315
1306
1302
1326
1304
1318
1307
1336
1323
1330
1327
1319
1326
1321
1314
1343
1319
1331
1340
1323
1327
1336
1343
1330
1328
1339
1331
1357
1338
1344
1356
1348
1360
1334
1357
1353
1337
1342
1358
1364
1343
1346
1359
1369
1366
1370
1366
1350
1371
1349
1357
1375
1370
1375
1383
1362
1373
1359
1388
1376
1370
1386
1385
1365
1385
1391
1372
1381
1368
1377
1400
1395
1379
1394
1378
1398
1380
1389
1405
1401
1384
1410
1386
1411
1387
1413
1396
1390
1411
1416
1394
1414
1404
1412
1414
1418
1398
1422
1417
1408
1419
1406
1413
1418
1434
1425
1413
1410
1430
1436
1436
1437
1423
1424
1439
1439
1443
1426
1432
1435
1433
1450
1424
1441
1430
1445
1436
1452
1432
1447
1445
1439
1462
1450
1434
1465
1444
1452
1450
1463
1449
1443
1459
1457
1462
1468
1472
1451
1452
1479
1477
1456
1459
1473
1472
1470
1468
1457
1481
1468
1490
1488
1470
1485
1477
1482
1493
1480
1487
1479
1492
1482
1487
1491
1492
1491
1491
1480
1479
1492
1501
1508
1486
1490
1502
1486
1516
1498
1511
1489
1501
1516
1517
1506
1515
1496
1497
1523
1527
1499
1501
1524
1528
1515
1504
1535
1510
1511
1508
1522
1538
1537
1529
1525
1515
1543
1530
1526
1537
1543
1540
1526
1552
1543
1544
1546
1529
1527
1554
1554
1535
1555
1561
1545
1545
1549
1541
1556
1557
1543
1555
1569
1558
1558
1562
1560
1554
1568
1561
1579
1573
1581
1559
1569
1568
1565
1584
1558
1583
1569
1585
1572
1578
1582
1567
1572
1567
1587
1579
1586
1571
1575
1587
1589
1593
1595
1604
1596
1605
1604
1586
1589
1602
1593
1607
1599
1616
1603
1616
1589
1593
1601
1592
1606
1618
1622
1611
1626
1619
1611
1609
1604
1625
1616
1630
1609
1612
1636
1618
1621
1617
1629
1631
1613
1620
1639
1625
1630
1633
1629
1633
1624
1644
1628
1644
1642
1628
1645
1629
1629
1657
1654
1655
1656
1644
1659
1642
1662
1638
1665
1646
1669
1668
1652
1656
1649
1647
1662
1672
1659
1662
1666
1662
1675
1681
1657
1684
1669
1672
1673
1688
1683
1664
1672
1671
1681
1678
1690
1678
1674
1670
1677
1682
1680
1679
1691
1684
1679
1695
1697
1709
1699
1690
1690
1685
1685
1694
1717
1714
1719
1708
1717
1710
1701
1716
1713
1725
1723
1727
1727
1723
1730
1704
1707
1713
1733
1731
1725
1722
1718
1736
1740
1737
1726
1734
1724
1722
1733
1747
1721
1731
1730
1749
1744
1748
1742
1727
1753
1746
1757
1748
1745
1737
1763
1738
1750
1753
1750
1748
1747
1753
1760
1748
1745
1749
1775
1753
1760
1758
1757
1757
1760
1773
1765
1757
1758
1760
1773
1782
1782
1783
1762
1776
1785
1784
1794
1767
1782
1768
1797
1787
1774
1793
1794
1800
1790
1777
1806
1782
1785
1780
1796
1796
1787
1804
1792
1799
1801
1795
1802
1808
1791
1806
1799
1819
1807
1798
1802
1809
1820
1813
1808
1821
1803
1815
1817
1826
1808
1811
1818
1811
1814
1817
1824
1831
1844
1816
1822
1818
1849
1823
1836
1839
1834
1853
1826
1840
1847
1845
1846
1853
1846
1835
1856
1837
1851
1847
1851
1842
1850
1869
1854
1853
1858
1855
1852
1850
1867
1877
1871
1868
1867
1868
1876
1879
1856
1873
1866
1874
1862
1888
1861
1884
1869
1894
1881
1870
1872
1885
1876
1898
1884
1894
1881
1899
1903
1905
1881
1879
1898
1885
1888
1898
1892
1913
1910
1912
1894
1904
1900
1899
1910
1912
1907
1924
1917
1916
1914
1898
1909
1912
1927
1932
1921
1909
1928
1935
1908
1911
1924
1920
1927
1936
1934
1936
1943
1935
1934
1921
1922
1921
1938
1935
1926
1935
1941
1951
1942
1958
1953
1930
1954
1945
1950
1937
1940
1955
1965
1945
1946
1947
1953
1956
1961
1960
1951
1947
1954
1949
1971
1980
1955
1978
1958
1979
1975
1982
1966
1981
1984
1987
1991
1981
1979
1982
1988
1973
1994
1980
1979
1987
1992
1997
1994
1992
2002
1992
2006
1989
2000
1982
2004
1997
1993
2004
1993
1986
2012
2004
2015
1997
1992
1997
2016
2010
2017
1996
2010
2003
2003
2020
2009
2029
2024
2010
2013
2027
2022
2014
2018
2026
2031
2037
2031
2029
2016
2035
2031
2032
2020
2040
2035
2040
2049
2048
2028
2030
2040
2035
2057
2054
2058
2046
2050
2039
2038
2051
2037
2062
2042
2064
2069
2047
2064
2065
2068
2066
2057
2060
2053
2060
2072
2082
2053
2080
2076
2071
2068
2073
2069
2090
2086
2072
2067
2089
2067
2090
2095
2084
2075
2072
2084
2100
2091
2082
2078
2099
2083
2086
2101
2092
2082
2103
2087
2114
2090
2102
2094
2100
2106
2094
2102
2094
2118
2124
2099
2104
2120
2100
2114
2107
2112
2120
2103
2123
2129
2110
2111
2110
2110
2110
2133
2132
2118
2117
2126
2120
2140
2141
2127
2138
2132
2132
2132
2130
2152
2130
2127
2132
2152
2149
2155
2137
2144
2136
2153
2163
2164
2140
2144
2170
2163
2146
2162
2171
2156
2155
2168
2161
2158
2172
2166
2156
2163
2176
2173
2184
2187
2170
2172
2166
2176
2183
2184
2185
2180
2168
2167
2186
2194
2200
2180
2174
2192
2178
2191
2178
2200
2196
2180
2210
2191
2203
2187
2199
2215
2207
2207
2214
2214
2197
2197
2222
2219
2223
2196
2196
2209
2203
2218
2200
2204
2207
2229
2212
2226
2218
2233
2228
2227
2224
2219
2232
2236
2241
2240
2233
2242
2223
2220
2226
2222
2222
2235
2244
2234
2252
2251
2233
2252
2246
2235
2240
2259
2256
2256
2244
2256
2262
2260
2248
2256
2254
2270
2267
2274
2259
2269
2249
2261
2274
2269
2255
2262
2278
2258
2272
2272
2274
2272
2263
2274
2263
2290
2291
2283
2285
2267
2272
2283
2270
2273
2287
2292
2282
2279
2303
2278
2308
2282
2285
2284
2288
2304
2313
2289
2297
2306
2313
2309
2292
2306
2318
2296
2315
2298
2318
2322
2303
2326
2313
2304
2310
2328
2332
2311
2315
2325
2337
2336
2326
2313
2342
2339
2327
2318
2321
2338
2347
2322
2339
2349
2352
2351
2333
2330
2332
2357
2336
2345
2343
2357
2362
2339
2345
2344
2365
2346
2358
2346
2353
2350
2347
2349
2351
2366
2371
2361
2352
2367
2364
2377
2366
2353
2360
2381
2368
2384
2359
2377
2368
2382
2375
2373
2394
2365
2382
2385
2391
2396
2399
2400
2389
2385
2379
2395
2377
2397
2381
2390
2380
2391
2393
2410
2412
2408
2412
2415
2409
2398
2392
2392
2420
2416
2416
2396
2420
2399
2413
2424
2418
2408
2415
2427
2419
2422
2409
2426
2413
2432
2439
2439
2415
2435
2442
2438
2434
2437
2444
2434
2443
2443
2440
2449
2440
2425
2442
2451
2450
2440
2450
2456
2454
2452
2458
2451
2444
2455
2444
2460
2449
2442
2443
2467
2458
2459
2462
2450
2461
2451
2478
2455
2470
2463
2461
2483
2483
2486
2471
2470
2482
2484
2486
2467
2489
2479
2476
2494
2492
2490
2477
2488
2485
2483
2493
2478
2501
2493
2480
2507
2505
2485
2492
2496
2498
2501
2498
2488
2509
2514
2502
2493
2518
2502
2515
2497
2515
2521
2505
2526
2519
2512
2511
2510
2519
2506
2508
2534
2523
2511
2515
2521
2524
2520
2534
2541
2518
2545
2530
2527
2535
2538
2532
2550
2536
2548
2545
2539
2537
2538
2537
2544
2542
2542
2560
2553
2549
2562
2567
2562
2550
2558
2560
2572
2553
2555
2554
2547
2571
2572
2561
2552
2580
2577
2581
2564
2562
2577
2564
2586
2564
2589
2562
2591
2566
2566
2593
2586
2577
2595
2589
2571
2574
2582
2588
2584
2601
2584
2580
2592
2601
2593
2608
2605
2605
2595
2591
2614
2603
2605
2613
2601
2601
2617
2595
2599
2603
2609
2626
2607
2604
2612
2619
2629
2613
2632
2633
2635
2621
2625
2627
2633
2628
2627
2632
2640
2634
2622
2621
2628
2648
2640
2642
2629
2642
2643
2656
2650
2641
2638
2641
2657
2658
2660
2664
2660
2647
2664
2658
2646
2656
2648
2667
2660
2650
2671
2655
2671
2664
2673
2661
2673
2664
2679
2657
2684
2668
2680
2668
2665
2684
2661
2683
2684
2688
2681
2673
2683
2673
2687
2681
2700
2689
2689
2683
2701
2698
2687
2706
2679
2683
2689
2702
2690
2699
2698
2710
2693
2690
2717
2712
2717
2696
2714
2696
2722
2697
2713
2702
2713
2723
2703
2714
2715
2707
2707
2725
2712
2714
2714
2725
2731
2732
2724
2736
2717
2740
2728
2721
2728
2722
2749
2752
2744
2734
2735
2736
2751
2729
2750
2743
2759
2745
2737
2736
2751
2748
2758
2758
2752
2742
2751
2745
2752
2752
2770
2771
2762
2776
2760
2769
2765
2781
2772
2780
2767
2763
2772
2759
2773
2781
2788
2785
2790
2764
2771
2793
2773
2795
2773
2770
2780
2776
2773
2800
2797
2780
2788
2778
2795
2796
2782
2788
2796
2811
2806
2808
2802
2799
2806
2804
2794
2819
2800
2802
2798
2802
2806
2814
2824
2806
2815
2817
2822
2805
2817
2831
2813
2809
2826
2836
2822
2817
2832
2825
2830
2818
2824
2821
2842
2840
2837
2827
2839
2826
2834
2840
2836
2856
2848
2842
2860
2854
2844
2837
2840
2864
2840
2864
2849
2865
2863
2855
2855
2845
2855
2851
2853
2851
2858
2852
2867
2881
2865
2875
2861
2870
2879
2869
2869
2885
2884
2883
2877
2874
2883
2895
2891
2879
2869
2872
2899
2892
2893
2897
2896
2905
2885
2895
2899
2880
2909
2896
2900
2892
2907
2888
2899
2917
2903
2913
2920
2914
2900
2920
2915
2904
2905
2920
2920
2915
2901
2928
2920
2915
2906
2934
2909
2925
2919
2921
2934
2915
2921
2927
2938
2927
2919
2926
2949
2935
2936
2941
2937
2950
2948
2953
2943
2946
2944
2953
2948
2944
2943
2935
2937
2953
2950
2957
2961
2948
2968
2948
2946
2961
2951
2960
2976
2975
2969
2956
2964
2970
2975
2978
2981
2977
2964
2975
2965
2972
2986
2985
2977
2983
2972
2987
2980
2998
2993
2986
2999
2985
2996
2975
3002
2990
2997
2980
2989
2999
3003
2995
2993
2997
3009
3015
3005
3005
3016
2996
3014
3003
3016
3023
2995
3024
3006
3005
3014
3005
3003
3010
3009
3023
3028
3035
3021
3010
3021
3017
3014
3035
3024
3036
3023
3040
3041
3032
3024
3028
3034
3052
3049
3037
3042
3046
3051
3030
3047
3054
3046
3054
3062
3062
3046
3063
3065
3061
3067
3050
3055
3049
3056
3053
3073
3073
3072
3064
3067
3078
3057
3069
3057
3064
3082
3062
3061
3072
3070
3079
3077
3079
3085
3080
3091
3085
3082
3084
3077
3083
3084
3093
3097
3088
3085
3098
3104
3088
3093
3106
3105
3108
3089
3107
3096
3088
3104
3106
3105
3090
3119
3093
3094
3096
3110
3110
3099
3114
3114
3121
3122
3132
3105
3123
3120
3106
3136
3130
3115
3114
3120
3118
3129
3144
3130
3143
3121
3146
3131
3146
3132
3140
3141
3142
3151
3131
3128
3148
3134
3140
3131
3144
3147
3145
3143
3140
3145
3158
3162
3157
3168
3150
3169
3149
3162
3146
3157
3151
3167
3169
3164
3172
3156
3156
3155
3174
3167
3179
3177
3170
3178
3176
3163
3183
3167
3180
3176
3182
3192
3199
3191
3181
3188
3193
3193
3204
3206
3192
3206
3207
3210
3198
3197
3187
3206
3201
3207
3201
3217
3204
3198
3217
3208
3206
3201
3209
3203
3220
3202
3202
3231
3221
3226
3214
3207
3219
3221
3236
3210
3240
3216
3231
3240
3218
3236
3243
3221
3231
3249
3247
3223
3251
3247
3254
3225
3234
3246
3238
3237
3231
3240
3245
3244
3236
3254
3255
3263
3262
3265
3243
3269
3255
3249
3249
3262
3251
3264
3250
3257
3266
3263
3256
3268
3259
3285
3273
3257
3278
3262
3281
3268
3288
3264
3277
3284
3278
3273
3277
3280
3270
3275
3276
3292
3285
3292
3305
3288
3278
3305
3308
3298
3292
3305
3301
3308
3304
3293
3298
3315
3297
3311
3300
3301
3303
3300
3303
3319
3314
3308
3314
3310
3305
3330
3317
3326
3316
3325
3325
3312
3324
3332
3330
3332
3333
3338
3317
3329
3319
3333
3343
3348
3341
3333
3343
3333
3353
3353
3334
3332
3353
3333
3359
3336
3358
3342
3339
3349
3351
3366
3368
3368
3344
3350
3351
3361
3352
3357
3373
3365
3360
3368
3365
3381
3361
3384
3378
3363
3371
3361
3370
3375
3375
3363
3389
3365
3388
3381
3384
3388
3379
3379
3385
3398
3386
3405
3389
3407
3379
3393
3396
3400
3397
3387
3397
3390
3407
3388
3409
3413
3390
3403
3416
3396
3399
3415
3413
3406
3407
3413
3420
3402
3427
3410
3404
3425
3411
3415
3420
3416
3427
3433
3420
3431
3415
3417
3426
3418
3435
3422
3443
3439
3434
3438
3449
3442
3427
3450
3430
3445
3457
3455
3441
3458
3463
3441
3437
3455
3456
3464
3469
3471
3453
3444
3458
3456
3449
3463
3448
3473
3476
3479
3468
3467
3480
3458
3479
3484
3476
3475
3484
3464
3466
3478
3466
3494
3480
3492
3493
3473
3480
3492
3472
3478
3477
3477
3476
3489
3500
3503
3486
3500
3504
3485
3506
3506
3496
3511
3502
3502
3516
3497
3495
3500
3518
3508
3512
3513
3508
3501
3530
3527
3510
3505
3529
3518
3536
3536
3524
3522
3510
3538
3525
3514
3521
3531
3524
3541
3541
3532
3540
3525
3533
3528
3531
3547
3527
3542
3536
3544
3546
3561
3540
3544
3557
3544
3545
3540
3555
3550
3544
3550
3546
3561
3551
3574
3567
3563
3572
3578
3573
3578
3574
3565
3559
3561
3578
3567
3586
3586
3567
3585
3562
3566
3574
3574
3588
3595
3596
3599
3586
3581
3602
3576
3584
3587
3585
3606
3580
3605
3586
3590
3611
3602
3599
3611
3598
3601
3599
3619
3592
3596
3600
3617
3614
3624
3609
3626
3600
3624
3601
3618
3632
3625
3630
3631
3630
3612
3637
3611
3627
3629
3642
3639
3627
3643
3624
3641
3630
3633
3647
3633
3630
3647
3652
3634
3630
3633
3638
3658
3654
3638
3642
3644
3644
3657
3664
3647
3639
3656
3669
3657
3653
3656
3652
3659
3671
3648
3672
3656
3654
3654
3668
3664
3660
3658
3672
3673
3664
3684
3674
3677
3662
3683
3692
3675
3696
3679
3682
3673
3697
3681
3701
3693
3685
3689
3695
3695
3686
3688
3683
3706
3684
3712
3714
3698
3690
3700
3703
3695
3718
3692
3700
3717
3706
3708
3719
3721
3706
3715
3719
3709
3717
3723
3712
3714
3707
3722
3715
3730
3716
3736
3742
3743
3726
3745
3722
3730
3725
3726
3728
3732
3737
3747
3752
3751
3738
3742
3734
3738
3749
3743
3748
3745
3760
3762
3758
3747
3747
3750
3763
3754
3759
3755
3745
3747
3751
3754
3772
3756
3762
3754
3755
3783
3783
3774
3779
3771
3770
3782
3789
3774
3786
3763
3766
3767
3777
3795
3768
3771
3787
3792
3790
3776
3803
3795
3782
3804
3799
3804
3783
3810
3789
3803
3799
3800
3797
3792
3812
3817
3813
3797
3814
3817
3820
3802
3817
3804
3821
3809
3824
3812
3804
3827
3826
3817
3812
3810
3823
3827
3815
3821
3834
3822
3824
3836
3835
3832
3845
3836
3823
3847
3836
3842
3854
3827
3852
3854
3847
3851
3842
3855
3834
3838
3847
3860
3866
3850
3845
3843
3850
3862
3864
3865
3859
3862
3851
3852
3858
3850
3852
3876
3870
3871
3869
3856
3875
3874
3860
3871
3876
3874
3872
3888
3889
3873
3882
3879
3881
3893
3873
3886
3880
3898
3884
3892
3886
3879
3899
3908
3896
3899
3905
3892
3914
3889
3907
3898
3900
3892
3894
3896
3916
3894
3903
3915
3898
3906
3921
3927
3910
3920
3921
3904
3930
3914
3913
3929
3919
3938
3928
3935
3917
3940
3932
3937
3925
3925
3929
3943
3934
3924
3923
3950
3950
3945
3955
3935
3938
3937
3938
3957
3955
3955
3934
3959
3947
3967
3955
3969
3969
3965
3951
3958
3963
3960
3946
3953
3973
3969
3973
3969
3977
3979
3963
3979
3983
3959
3970
3973
3962
3961
3989
3966
3984
3970
3985
3985
3985
3971
3993
3999
3974
3987
3980
3980
3985
3990
3995
3987
3998
3985
4007
4002
3992
3988
3986
3992
3991
4013
4000
3994
4017
4004
4015
4025
4005
4017
4023
4003
4015
4017
4007
4023
4034
4007
4009
4037
4013
4020
4021
4034
4029
4026
4042
4016
4041
4034
4018
4033
4020
4029
4023
4028
4026
4048
4042
4028
4046
4050
4048
4052
4062
4045
4043
4064
4039
4057
4053
4066
4044
4068
4059
4073
4066
4064
4058
4050
4057
4057
4053
4081
4064
4072
4056
4055
4065
4086
4069
4062
4082
4079
4088
4087
4086
4090
4096
4080
4081
4099
4071
4100
4099
4098
4086
4081
4099
4104
4098
4087
4082
4093
4084
4090
4113
4104
4087
4094
4117
4091
4104
4095
4112
4118
4109
4108
4101
4103
4111
4128
4120
4116
4105
4126
4119
4106
4127
4119
4138
4109
4115
4136
4114
4140
4117
4130
4123
4141
4122
4132
4147
4135
4128
4141
4142
4155
4140
4132
4130
4141
4137
4155
4157
4138
4157
4147
4166
4159
4147
4164
4148
4146
4160
4148
4160
4170
4161
4159
4169
4163
4160
4152
4172
4154
4165
4172
4180
4172
4176
4187
4168
4166
4178
4188
4174
4167
4182
4186
4193
4196
4172
4185
4185
4200
4194
4179
4205
4201
4192
4199
4193
4197
4192
4204
4194
4210
4203
4214
4191
4199
4194
4221
4217
4221
4210
4202
4218
4215
4215
4214
4228
4206
4217
4226
4222
4219
4208
4220
4219
4217
4237
4223
4219
4221
4233
4242
4245
4221
4236
4239
4239
4230
4233
4229
4239
4253
4243
4257
4239
4234
4246
4242
4232
4255
4253
4243
4248
4248
4266
4245
4242
4262
4250
4265
4265
4256
4276
4274
4257
4255
4261
4251
4263
4265
4265
4273
4277
4276
4276
4275
4280
4284
4272
4269
4286
4279
4286
4297
4271
4292
4279
4284
4299
4303
4286
4287
4283
4289
4280
4284
4309
4286
4285
4313
4304
4298
4286
4305
4310
4305
4320
4306
4310
4299
4324
4312
4297
4311
4301
4317
4313
4316
4314
4331
4324
4310
4329
4333
4334
4331
4326
4333
4315
4342
4319
4337
4321
4326
4324
4340
4343
4328
4333
4329
4342
4331
4349
4338
4354
4332
4342
4337
4332
4337
4337
4349
4343
4363
4366
4345
4349
4356
4368
4364
4366
4354
4349
4351
4357
4359
4371
4351
4375
4375
4356
4373
4356
4383
4364
4373
4376
4366
4371
4364
4373
4369
4372
4395
4377
4380
4387
4387
4389
4376
4399
4398
4383
4407
4403
4381
4409
4399
4407
4385
4412
4411
4410
4408
4404
4394
4397
4401
4417
4402
4411
4404
4411
4408
4413
4412
4408
4423
4407
4427
4418
4409
4421
4432
4417
4431
4434
4427
4434
4413
4424
4437
4419
4446
4435
4449
4442
4422
4437
4432
4442
4434
4444
4438
4430
4450
4456
4438
4446
4456
4438
4462
4453
4460
4459
4455
4463
4467
4448
4466
4474
4450
4452
4456
4476
4471
4474
4459
4480
4457
4458
4463
4475
4477
4486
4476
4468
4465
4473
4491
4473
4483
4471
4470
4472
4474
4487
4493
4485
4474
4482
4477
4493
4484
4479
4496
4505
4505
4509
4493
4506
4512
4506
4509
4515
4515
4514
4510
4506
4512
4524
4523
4497
4516
4514
4526
4506
4521
4518
4510
4515
4515
4534
4520
4515
4528
4535
4514
4534
4542
4514
4531
4529
4531
4528
4520
4527
4527
4537
4534
4546
4535
4555
4555
4537
4535
4541
4535
4543
4543
4535
4561
4541
4547
4562
4568
4556
4547
4561
4557
4559
4547
4570
4570
4557
4556
4564
4555
4553
4553
4556
4574
4557
4573
4576
4571
4561
4567
4582
4583
4573
4594
4569
4574
4598
4592
4585
4600
4587
4590
4579
4599
4580
4598
4579
4584
4584
4604
4582
4602
4586
4606
4603
4595
4607
4593
4615
4604
4615
4597
4594
4610
4621
4615
4616
4625
4613
4627
4632
4625
4620
4613
4633
4633
4632
4634
4617
4631
4629
4622
4622
4638
4620
4636
4627
4642
4648
4621
4642
4650
4638
4655
4636
4651
4646
4638
4635
4658
4656
4663
4641
4654
4666
4652
4668
4653
4648
4665
4647
4666
4661
4656
4662
4676
4654
4649
4667
4666
4656
4678
4663
4661
4663
4663
4670
4669
4675
4691
4688
4685
4683
4671
4675
4677
4686
4692
4694
4694
4672
4684
4694
4692
4677
4698
4687
4705
4709
4683
4708
4691
4699
4687
4707
4690
4718
4702
4709
4710
4719
4701
4703
4710
4723
4708
4710
4712
4715
4730
4709
4714
4716
4706
4710
4714
4736
4729
4722
4719
4728
4743
4720
4729
4744
4743
4737
4727
4747
4745
4735
4743
4727
4750
4745
4736
4750
4750
4739
4750
4760
4739
4762
4764
4755
4737
4745
4747
4742
4770
4752
4768
4763
4755
4759
4758
4755
4774
4780
4757
4754
4757
4770
4766
4781
4771
4774
4770
4782
4762
4776
4785
4792
4790
4788
4782
4772
4782
4786
4788
4789
4799
4778
4775
4796
4801
4798
4779
4798
4794
4792
4796
4796
4799
4802
4804
4801
4790
4807
4819
4816
4808
4815
4812
4815
4811
4825
4820
4816
4829
4822
4821
4818
4825
4808
4810
4838
4837
4830
4827
4830
4818
4840
4838
4842
4836
4832
4843
4825
4846
4833
4828
4844
4826
4854
4828
4835
4851
4837
4851
4832
4852
4843
4843
4864
4867
4856
4861
4854
4842
4859
4861
4855
4869
4858
4875
4875
4866
4864
4858
4865
4853
4865
4881
4874
4870
4886
4874
4887
4889
4881
4879
4885
4870
4871
4897
4873
4882
4900
4873
4892
4880
4902
4903
4888
4907
4903
4904
4897
4884
4885
4883
4912
4886
4892
4911
4914
4917
4918
4891
4916
4907
4899
4919
4918
4902
4928
4905
4930
4929
4924
4931
4927
4923
4921
4912
4910
4910
4914
4918
4916
4931
4928
4925
4927
4931
4939
4929
4925
4943
4933
4944
4935
4933
4939
4941
4954
4932
4935
4949
4962
4947
4951
4958
4940
4965
4965
4946
4947
4971
4962
4960
4946
4958
4965
4947
4951
4950
4977
4970
4981
4982
4961
4977
4959
4961
4983
4979
4967
4991
4974
4985
4990
4990
4983
4978
4994
4982
4994
4985
4980
4987
4974
4990
5002
5007
4983
4987
4997
5000
4985
4989
4997
5002
4997
5010
4992
5006
4990
5008
5018
5014
5009
5018
5001
5018
5013
4999
